10 15
11 15
12 15
13 15
14 15
15 15
16 15
17 15
18 15
19 15
20 15
21 15
10 14
11 14
12 14
13 14
14 14
15 14
16 14
17 14
18 14
19 14
20 14
21 14
10 13
11 13
15 13
16 13
20 13
21 13
10 12
11 12
15 12
16 12
20 12
21 12
10 11
11 11
15 11
16 11
20 11
21 11
10 10
11 10
12 10
13 10
14 10
15 10
16 10
17 10
18 10
19 10
20 10
21 10
10 9
11 9
12 9
13 9
14 9
15 9
16 9
17 9
18 9
19 9
20 9
21 9
10 8
11 8
12 8
19 8
20 8
21 8
10 7
11 7
12 7
13 7
18 7
19 7
20 7
21 7
10 6
11 6
12 6
13 6
14 6
17 6
18 6
19 6
20 6
21 6
10 5
11 5
12 5
13 5
14 5
15 5
16 5
17 5
18 5
19 5
20 5
21 5
10 4
11 4
12 4
13 4
14 4
15 4
16 4
17 4
18 4
19 4
20 4
21 4
